Bankroll:
  Money: 668691.8000000005
  Exp: 500000
Statistics:
  Income:
    Money: 3665050.0
    Exp: 0
  Expense:
    Money: -3496358.200000001
    Exp: 0
